This is the data straight from the sd card.
The first number is distance measured, the second number is time in milliseconds
Note: Where there are longer gaps between reasings is where data is written from memory to the sd card

500,2594
500,2621
500,2647
500,2674
500,2700
500,2727
500,2753
500,2780
500,2806
500,2833
500,2859
500,2886
500,2912
500,2939
500,2965
500,2992
500,3018
500,3045
500,3071
500,3098
500,3124
500,3151
500,3177
500,3204
500,3230
500,3257
500,3283
500,3309
500,3336
500,3362
500,3389
500,3415
500,3442
500,3468
500,3495
500,3521
500,3548
500,3574
500,3601
500,3627
500,3654
500,3680
500,3707
500,3733
500,3760
500,3786
500,3813
500,3839
500,3866
500,3892
500,3919
500,3945
500,3972
500,3998
500,4025
500,4051
500,4078
500,4104
500,4131
500,4157
500,4184
500,4210
500,4237
500,4263
500,4290
500,4316
500,4343
500,4369
500,4396
500,4422
500,4449
500,4475
500,4502
500,4528
500,4555
500,4581
500,4608
500,4634
500,4661
500,4687
500,4714
500,4740
500,4767
500,4793
500,4820
500,4846
500,4873
500,4899
500,4926
500,4952
500,4979
500,5005
500,5032
500,5058
500,5085
500,5111
500,5138
500,5164
500,5191
500,5217
500,5244
500,5270
500,5297
500,5323
500,5350
500,5376
500,5403
500,5429
500,5456
500,5482
500,5509
500,5535
500,5562
500,5588
500,5615
500,5641
500,5667
500,5694
500,5720
500,5747
500,5773
500,5800
500,5826
500,5853
500,5879
500,5906
500,5932
500,5959
500,5985
500,6012
500,6038
500,6065
500,6091
500,6118
500,6144
500,6171
500,6197
500,6224
500,6250
500,6277
500,6303
500,6330
500,6356
500,6383
500,6409
500,6436
500,6462
500,6489
500,6515
500,6542
500,6568
500,6595
500,6621
500,6648
500,6674
500,6701
500,6727
500,6754
500,6780
500,6807
500,6833
500,6860
500,6886
500,6913
500,6939
500,6966
500,6992
500,7019
500,7045
500,7072
500,7098
500,7125
500,7151
500,7178
500,7204
500,7231
500,7257
500,7284
500,7310
500,7337
500,7363
500,7390
500,7416
500,7443
500,7469
500,7496
500,7522
500,7549
500,7575
500,7602
500,7628
500,7655
500,7681
500,7708
500,7734
500,7761
500,7787
500,7814
500,7840
500,7867
500,7893
500,7920
500,7946
500,7973
500,7999
500,8025
500,8052
500,8078
500,8105
500,8131
500,8158
500,8184
500,8211
500,8237
500,8264
500,8290
500,8317
500,8343
500,8370
500,8396
500,8423
500,8449
500,8476
500,8502
500,8529
500,8555
500,8582
500,8608
500,8635
500,8661
500,8688
500,8714
500,8741
500,8767
500,8794
500,8820
500,8847
500,8873
500,8900
500,8926
500,8953
500,8979
500,9006
500,9032
500,9059
500,9085
500,9112
500,9138
500,9165
500,9191
500,9218
500,9244
500,9271
500,9297
500,9324
500,9350
500,9377
500,9403
500,9430
500,9456
500,9483
500,9509
500,9536
500,9562
500,9589
500,9615
500,9642
500,9668
500,9695
500,9721
500,9748
500,9774
500,9801
500,9827
500,9854
500,9880
500,9907
500,9933
500,9960
500,9986
500,10013
500,10039
500,10066
500,10092
500,10119
500,10145
500,10172
500,10198
500,10225
500,10251
500,10278
500,10304
500,10331
500,10357
500,10383
500,10410
500,10436
500,10463
500,10489
500,10516
500,10542
500,10569
500,10595
500,10622
500,10648
500,10675
500,10701
500,10728
500,10754
500,10781
500,10807
500,10834
500,10860
500,10887
500,10913
500,10940
500,10966
500,10993
500,11019
500,11046
500,11072
500,11099
500,11125
500,11152
500,11178
500,11205
500,11231
500,11258
500,11284
500,11311
500,11337
500,11364
500,11390
500,11417
500,11443
500,11470
500,11496
500,11523
500,11549
500,11576
500,11602
500,11629
500,11655
500,11682
500,11708
500,11735
500,11761
500,11788
500,11814
500,11841
500,11867
500,11894
500,11920
500,11947
500,11973
500,12000
500,12026
500,12053
500,12079
500,12106
500,12132
500,12159
500,12185
500,12212
500,12238
500,12265
500,12291
500,12318
500,12344
500,12371
500,12397
500,12424
500,12450
500,12477
500,12503
500,12530
500,12556
500,12583
500,12609
500,12636
500,12662
500,12689
500,12715
500,12741
500,12768
500,12794
500,12821
500,12847
500,12874
500,12900
500,12927
500,12953
500,12980
500,13006
500,13033
500,13059
500,13086
500,13112
500,13139
500,13165
500,13192
500,13218
500,13245
500,13271
500,13298
500,13324
500,13351
500,13377
500,13404
500,13430
500,13457
500,13483
500,13510
500,13536
500,13563
500,13589
500,13616
500,13642
500,13669
500,13695
500,13722
500,13748
500,13775
500,13801
500,13828
500,13854
500,13881
500,13907
500,13934
500,13960
500,13987
500,14013
500,14040
500,14066
500,14093
500,14119
500,14146
500,14172
500,14199
500,14225
500,14252
500,14278
500,14305
500,14331
500,14358
500,14384
500,14411
500,14437
500,14464
500,14490
500,14517
500,14543
500,14570
500,14596
500,14623
500,14649
500,14676
500,14702
500,14729
500,14755
500,14782
500,14808
500,14835
500,14861
500,14888
500,14914
500,14941
500,14967
500,14994
500,15020
500,15046
500,15073
500,15099
500,15126
500,15152
500,15179
500,15205
500,15232
500,15258
500,15285
500,15311
500,15338
500,15364
500,15391
500,15417
500,15444
500,15470
500,15497
500,15523
500,15550
500,15576
500,15603
500,15629
500,15656
500,15682
500,15709
500,15735
500,15762
500,15788
500,15815
500,15841
500,15868
500,15894
500,15921
500,15947
500,15974
500,16000
500,16027
500,16053
500,16080
500,16106
500,16133
500,16159
500,16186
500,16212
500,16239
500,16265
500,16292
500,16318
500,16345
500,16371
500,16398
500,16424
500,16451
500,16477
500,16504
500,16530
500,16557
500,16583
500,16610
500,16636
500,16663
500,16689
500,16716
500,16742
500,16769
500,16795
500,16822
500,16848
500,16875
500,16901
500,16928
500,16954
500,16981
500,17007
500,17034
500,17060
500,17087
500,17113
500,17140
500,17166
500,17193
500,17219
500,17246
500,17272
500,17299
500,17325
500,17352
500,17378
500,17404
500,17431
500,17457
500,17484
500,17510
500,17537
500,17563
500,17590
500,17616
500,17643
500,17669
500,17696
500,17722
500,17749
500,17775
500,17802
500,17828
500,17855
500,17881
500,17908
500,17934
500,17961
500,17987
500,18014
500,18040
500,18067
500,18093
500,18120
500,18146
500,18173
500,18199
500,18226
500,18252
500,18279
500,18305
500,18332
500,18358
500,18385
500,18411
500,18438
500,18464
500,18491
500,18517
500,18544
500,18570
500,18597
500,18623
500,18650
500,18676
500,18703
500,18729
500,18756
500,18782
500,18809
500,18835
500,18862
500,18888
500,18915
500,18941
500,18968
500,18994
500,19021
500,19047
500,19074
500,19100
500,19127
500,19153
500,19180
500,19206
500,19233
500,19259
500,19286
500,19312
500,19339
500,19365
500,19392
500,19418
500,19445
500,19471
500,19498
500,19524
500,19551
500,19577
500,19604
500,19630
500,19657
500,19683
500,19710
500,19736
500,19762
500,19789
500,19815
500,19842
500,19868
500,19895
500,19921
500,19948
500,19974
500,20001
500,20027
500,20054
500,20080
500,20107
500,20133
500,20160
500,20186
500,20213
500,20239
500,20266
500,20292
500,20319
500,20345
500,20372
500,20398
500,20425
500,20451
500,20478
500,20504
500,20531
500,20557
500,20584
500,20610
500,20637
500,20663
500,20690
500,20716
500,20743
500,20769
500,20796
500,20822
500,20849
500,20875
500,20902
500,20928
500,20955
500,20981
500,21008
500,21034
500,21061
500,21087
500,21114
500,21140
500,21167
500,21193
500,21220
500,21246
500,21273
500,21299
500,21326
500,21352
500,21379
500,21405
500,21432
500,21458
500,21485
500,21511
500,21538
500,21564
500,21591
500,21617
500,21644
500,21670
500,21697
500,21723
500,21750
500,21776
500,21803
500,21829
500,21856
500,21882
500,21909
500,21935
500,21962
500,21988
500,22015
500,22041
500,22068
500,22094
500,22120
500,22147
500,22173
500,22200
500,22226
500,22253
500,22279
500,22306
500,22332
500,22359
500,22385
500,22412
500,22438
500,22465
500,22491
500,22518
500,22544
500,22571
500,22597
500,22624
500,22650
500,22677
500,22703
500,22730
500,22756
500,22783
500,22809
500,22836
500,22862
500,22889
500,22915
500,22942
500,22968
500,22995
500,23021
500,23048
500,23074
500,23101
500,23127
500,23154
500,23180
500,23207
500,23233
500,23260
500,23286
500,23313
500,23339
500,23366
500,23392
500,23419
500,23445
500,23472
500,23498
500,23525
500,23551
500,23578
500,23604
500,23631
500,23657
500,23684
500,23710
500,23737
500,23763
169,81518
171,81529
172,81539
173,81550
175,81560
392,81584
183,81595
500,81621
348,81642
284,81659
308,81677
306,81695
288,81713
279,81729
287,81746
321,81766
293,81783
330,81803
335,81823
321,81842
267,81858
329,81878
360,81899
319,81918
331,81938
279,81955
212,81967
292,81985
344,82005
302,82023
353,82044
353,82065
296,82083
306,82101
285,82118
332,82138
239,82152
355,82174
292,82191
314,82210
408,82234
326,82254
237,82268
294,82285
319,82304
298,82322
305,82340
301,82358
500,82385
292,82402
342,82423
296,82441
310,82459
258,82474
256,82490
300,82508
332,82527
393,82551
341,82571
238,82585
370,82607
335,82627
240,82642
500,82668
280,82685
308,82703
339,82724
281,82740
306,82759
320,82778
320,82797
291,82814
377,82837
356,82858
345,82878
350,82899
500,82926
392,82949
336,82969
253,82984
288,83002
319,83021
264,83036
303,83055
334,83074
226,83088
268,83104
309,83122
265,83138
376,83161
280,83177
338,83198
402,83222
309,83240
205,83252
300,83270
351,83291
281,83308
402,83332
339,83352
235,83366
324,83385
288,83403
348,83423
296,83441
299,83459
242,83474
320,83493
265,83509
251,83524
289,83541
304,83559
360,83580
392,83604
363,83625
319,83644
326,83664
280,83681
290,83698
308,83716
285,83733
244,83748
274,83764
268,83780
403,83804
310,83823
355,83844
302,83862
500,83889
296,83906
372,83928
319,83947
283,83964
291,83982
359,84003
343,84023
301,84041
394,84065
277,84082
318,84100
500,84127
368,84149
292,84166
268,84182
326,84202
319,84221
332,84241
321,84260
297,84278
340,84298
400,84322
306,84340
500,84366
281,84383
344,84404
302,84422
267,84438
278,84454
294,84472
331,84492
330,84511
290,84529
426,84554
249,84569
311,84588
267,84604
348,84624
330,84644
338,84664
272,84680
359,84702
334,84722
500,84748
317,84767
500,84794
306,84812
399,84836
313,84854
314,84873
257,84889
300,84906
323,84926
500,84952
339,84972
360,84994
254,85009
230,85023
234,85037
275,85053
356,85075
320,85094
307,85112
303,85130
500,85157
500,85183
265,85199
264,85215
308,85233
315,85252
338,85272
330,85292
370,85314
298,85332
285,85349
280,85366
385,85388
378,85411
308,85429
378,85452
325,85471
287,85488
271,85505
363,85526
500,85553
338,85573
299,85591
500,85617
300,85635
295,85653
296,85670
369,85692
500,85719
407,85743
338,85763
307,85782
306,85800
340,85820
373,85842
297,85860
342,85881
300,85898
362,85920
292,85937
271,85954
294,85971
324,85991
214,86003
343,86024
277,86040
320,86060
346,86080
384,86103
366,86125
312,86143
248,86158
270,86174
361,86196
359,86217
250,86232
304,86251
369,86272
368,86294
319,86313
335,86333
290,86351
288,86368
314,86387
271,86403
378,86425
500,86452
321,86471
325,86490
500,86517
310,86535
326,86555
326,86574
323,86594
286,86611
294,86628
295,86646
367,86668
344,86688
310,86707
287,86724
354,86745
291,86763
400,86786
263,86802
331,86822
244,86836
400,86860
434,86886
324,86905
320,86924
374,86947
269,86963
331,86983
324,87002
381,87025
330,87044
312,87063
227,87076
336,87096
286,87114
289,87131
340,87151
323,87170
319,87189
302,87207
270,87224
346,87244
500,87271
352,87292
404,87316
329,87335
352,87356
500,87383
353,87404
500,87430
280,87447
407,87471
363,87493
296,87511
358,87532
363,87554
270,87570
364,87591
395,87615
297,87633
349,87653
315,87672
256,87688
500,87714
313,87733
249,87748
267,87764
290,87781
297,87799
256,87814
282,87831
355,87852
500,87879
242,87893
288,87910
311,87929
311,87947
324,87967
372,87989
416,88014
349,88035
285,88052
317,88070
342,88091
256,88106
335,88126
281,88143
270,88159
324,88178
248,88193
253,88208
346,88229
500,88256
300,88273
334,88293
347,88314
307,88332
288,88350
365,88371
500,88398
319,88417
313,88436
311,88454
224,88468
500,88494
354,88515
500,88542
268,88558
255,88573
326,88593
289,88610
243,88624
500,88651
400,88675
329,88694
287,88711
286,88729
299,88746
302,88764
281,88781
283,88798
282,88815
297,88833
273,88849
500,88876
339,88896
336,88916
326,88935
316,88954
360,88976
338,88996
303,89014
245,89029
324,89048
302,89066
255,89081
305,89099
334,89119
340,89140
500,89166
337,89186
322,89205
500,89232
325,89251
293,89269
306,89287
251,89302
303,89320
266,89336
252,89351
336,89371
296,89389
290,89406
348,89427
270,89443
391,89466
371,89489
500,89515
288,89532
328,89552
313,89571
288,89588
229,89601
258,89617
324,89636
382,89659
306,89677
313,89696
287,89713
332,89733
281,89750
298,89768
299,89785
268,89802
229,89815
352,89836
291,89854
331,89873
322,89893
345,89913
316,89932
382,89955
500,89981
276,89998
363,90019
315,90038
338,90058
296,90076
321,90095
500,90122
294,90139
284,90156
299,90174
279,90191
339,90211
284,90228
274,90244
368,90266
238,90281
337,90301
352,90322
310,90340
356,90361
314,90380
500,90407
332,90426
267,90442
344,90463
300,90481
333,90501
257,90516
324,90535
343,90556
310,90574
302,90592
317,90611
419,90636
319,90655
363,90677
326,90697
270,90713
309,90731
353,90752
307,90771
314,90789
283,90806
263,90822
329,90842
326,90861
297,90879
323,90898
308,90916
358,90938
283,90955
363,90976
328,90996
500,91022
286,91039
352,91060
363,91082
272,91098
359,91212
391,91235
272,91251
240,91266
342,91286
378,91309
344,91329
347,91350
392,91373
340,91393
321,91413
300,91431
315,91449
500,91476
346,91496
324,91516
286,91533
243,91547
301,91565
385,91588
298,91606
500,91633
309,91651
292,91669
278,91685
344,91706
280,91722
347,91743
335,91763
268,91779
294,91797
320,91816
268,91832
338,91852
332,91872
500,91898
309,91917
295,91934
317,91953
341,91974
307,91992
327,92011
364,92033
342,92054
319,92073
227,92086
368,92108
374,92130
281,92147
341,92167
279,92184
353,92205
257,92221
237,92235
280,92252
294,92269
500,92296
310,92314
361,92336
281,92352
274,92369
356,92390
336,92410
276,92427
500,92453
351,92474
500,92500
266,92516
317,92535
500,92562
306,92580
296,92598
312,92616
500,92643
302,92661
360,92682
336,92702
326,92722
235,92736
394,92759
326,92779
325,92798
298,92816
279,92833
272,92849
387,92872
257,92888
274,92904
314,92923
300,92941
295,92958
346,92979
320,92998
314,93017
269,93033
241,93047
222,93060
435,93086
294,93104
306,93122
271,93138
233,93152
299,93170
294,93188
296,93206
317,93224
283,93241
309,93260
317,93279
441,93305
266,93321
251,93336
275,93352
338,93373
500,93399
322,93418
339,93438
335,93458
322,93478
292,93495
500,93522
275,93538
305,93556
347,93577
293,93594
295,93612
276,93629
267,93645
198,93656
273,93673
333,93693
331,93712
322,93732
272,93748
293,93765
299,93783
285,93800
294,93818
500,93844
342,93865
299,93883
370,93905
425,93930
286,93947
354,93968
500,93995
316,94013
336,94033
280,94050
350,94071
274,94087
282,94104
355,94125
358,94147
305,94165
258,94180
366,94202
500,94229
21,94239
310,94258
435,94284
292,94301
369,94323
299,94341
333,94361
310,94379
290,94397
329,94416
322,94435
390,94459
385,94482
355,94503
316,94522
380,94544
319,94563
297,94581
297,94599
348,94619
320,94639
335,94659
309,94677
325,94696
500,94723
367,94745
314,94764
294,94781
423,94806
500,94833
334,94853
374,94875
298,94893
332,94913
220,94926
253,94941
431,94967
346,94987
338,95007
500,95034
275,95050
316,95069
327,95089
289,95106
500,95132
322,95152
243,95166
347,95187
315,95206
348,95227
402,95250
370,95272
268,95289
289,95306
500,95332
270,95348
357,95370
500,95396
272,95412
286,95430
333,95449
328,95469
234,95483
341,95503
355,95525
259,95540
295,95558
278,95574
283,95591
324,95611
314,95629
348,95650
303,95668
239,95683
312,95701
500,95728
298,95746
296,95763
333,95783
364,95805
327,95824
271,95840
332,95860
279,95877
309,95895
281,95912
339,95932
301,95950
289,95968
299,95986
348,96006
303,96024
293,96042
273,96058
383,96081
500,96108
329,96127
350,96148
298,96166
323,96185
299,96203
362,96225
378,96247
267,96263
500,96290
309,96308
291,96325
323,96345
287,96362
272,96378
352,96399
500,96426
424,96451
322,96470
262,96486
346,96506
500,96533
308,96551
317,96570
294,96588
297,96605
346,96626
280,96643
431,96668
335,96688
264,96704
330,96724
351,96745
320,96764
263,96780
500,96806
405,96830
321,96849
301,96867
364,96889
335,96909
289,96926
296,96944
407,96968
421,96993
368,97015
288,97032
300,97050
290,97068
320,97087
343,97107
350,97128
500,97155
307,97173
281,97190
331,97210
334,97229
341,97250
442,97276
354,97297
272,97313
322,97333
335,97353
500,97379
323,97398
326,97418
259,97433
357,97455
284,97472
315,97490
276,97507
334,97527
279,97544
330,97563
254,97578
500,97605
354,97626
379,97649
326,97668
309,97686
500,97713
287,97730
253,97745
254,97760
266,97776
304,97794
314,97813
293,97831
295,97848
340,97869
265,97884
329,97904
311,97923
280,97939
336,97959
296,97977
226,97991
265,98007
344,98027
367,98049
300,98067
413,98091
387,98114
334,98134
333,98154
292,98172
500,98198
368,98220
272,98236
321,98255
249,98270
500,98297
250,98312
270,98328
389,98351
500,98378
342,98398
307,98416
291,98434
402,98458
339,98478
311,98496
299,98514
357,98536
305,98554
347,98575
308,98593
500,98619
345,98640
262,98656
334,98676
415,98700
274,98717
354,98738
500,98764
405,98788
361,98810
277,98826
345,98847
324,98866
309,98885
243,98899
336,98919
318,98938
356,98960
373,98982
294,98999
370,99022
353,99043
295,99060
500,99087
263,99102
358,99124
324,99143
341,99163
302,99182
227,99195
321,99214
500,99241
307,99259
314,99278
337,99298
377,99320
298,99338
348,99359
289,99376
310,99395
243,99409
500,99436
352,99457
354,99478
309,99496
407,99521
350,99542
293,99559
288,99576
304,99594
304,99613
432,99638
322,99657
304,99676
288,99693
258,99708
300,99726
306,99744
320,99764
322,99783
374,99805
418,99830
309,99848
316,99867
426,99893
311,99911
297,99929
500,99955
245,99970
274,99986
396,100010
303,100028
257,100043
306,100062
500,100088
284,100105
500,100132
338,100152
500,100178
341,100199
294,100216
321,100235
298,100253
312,100272
361,100293
337,100314
387,100337
282,100353
288,100371
292,100388
500,100415
500,100441
290,100458
308,100477
328,100496
500,100523
331,100543
378,100565
274,100582
284,100598
326,100618
347,100639
308,100657
330,100677
375,100699
302,100717
291,100734
427,100760
336,100780
284,100797
328,100816
276,100833
347,100854
300,100872
291,100889
309,100907
346,100928
307,100946
352,100967
320,100987
500,24951
500,24965
500,24991
500,25018
500,25044
500,25071
500,25097
500,25124
500,25150
500,25177
500,25203
500,25230
500,25256
500,25283
500,25309
500,25336
500,25362
500,25389
500,25415
500,25442
500,25468
500,25495
500,25521
500,25548
500,25574
500,25601
500,25627
500,25654
500,25680
500,25707
500,25733
500,25760
500,25786
500,25813
500,25839
500,25866
500,25892
500,25919
500,25945
500,25972
500,25998
500,26025
500,26051
500,26078
500,26104
500,26131
500,26157
500,26184
500,26210
500,26237
500,26263
500,26290
500,26316
500,26343
500,26369
500,26396
500,26422
500,26449
500,26475
500,26502
500,26528
500,26555
500,26581
500,26608
500,26634
500,26661
500,26687
500,26714
500,26740
500,26767
500,26793
500,26820
500,26846
500,26873
500,26899
500,26926
500,26952
500,26979
500,27005
500,27032
500,27058
500,27085
500,27111
500,27138
500,27164
500,27191
500,27217
500,27243
500,27270
500,27296
500,27323
500,27349
500,27376
500,27402
500,27429
500,27455
500,27482
500,27508
500,27535
500,27561
500,27588
500,27614
500,27641
500,27667
500,27694
500,27720
500,27747
500,27773
500,27800
500,27826
500,27853
500,27879
500,27906
500,27932
500,27959
500,27985
500,28012
500,28038
500,28065
500,28091
500,28118
500,28144
500,28171
500,28197
500,28224
500,28250
500,28277
500,28303
500,28330
500,28356
500,28383
500,28409
500,28436
500,28462
500,28489
500,28515
500,28542
500,28568
500,28595
500,28621
500,28648
500,28674
500,28701
500,28727
500,28754
500,28780
500,28807
500,28833
500,28860
500,28886
500,28913
500,28939
500,28966
500,28992
500,29019
500,29045
500,29072
500,29098
500,29125
500,29151
500,29178
500,29204
500,29231
500,29257
500,29284
500,29310
500,29337
500,29363
500,29390
500,29416
500,29443
500,29469
500,29496
500,29522
500,29549
500,29575
500,29601
500,29628
500,29654
500,29681
500,29707
500,29734
500,29760
500,29787
500,29813
500,29840
500,29866
500,29893
500,29919
500,29946
500,29972
500,29999
500,30025
500,30052
500,30078
500,30105
500,30131
500,30158
500,30184
500,30211
500,30237
500,30264
500,30290
500,30317
500,30343
500,30370
500,30396
500,30423
500,30449
500,30476
500,30502
500,30529
500,30555
500,30582
500,30608
500,30635
500,30661
500,30688
500,30714
500,30741
500,30767
500,30794
500,30820
500,30847
500,30873
500,30900
500,30926
500,30953
500,30979
500,31006
500,31032
500,31059
500,31085
500,31112
500,31138
500,31165
500,31191
500,31218
500,31244
500,31271
500,31297
500,31324
500,31350
500,31377
500,31403
500,31430
500,31456
500,31483
500,31509
500,31536
500,31562
500,31589
500,31615
500,31642
500,31668
500,31695
500,31721
500,31748
500,31774
500,31801
500,31827
500,31854
500,31880
500,31906
500,31933
500,31959
500,31986
500,32012
500,32039
500,32065
500,32092
500,32118
500,32145
500,32171
500,32198
500,32224
500,32251
500,32277
500,32304
500,32330
500,32357
500,32383
500,32410
500,32436
500,32463
500,32489
500,32516
500,32542
500,32569
500,32595
500,32622
500,32648
500,32675
500,32701
500,32728
500,32754
500,32781
500,32807
500,32834
500,32860
500,32887
500,32913
500,32940
500,32966
500,32993
500,33019
500,33046
500,33072
500,33099
500,33125
500,33152
500,33178
500,33205
500,33231
500,33258
500,33284
500,33311
500,33337
500,33364
500,33390
500,33417
500,33443
500,33470
500,33496
500,33523
500,33549
500,33576
500,33602
500,33629
500,33655
500,33682
500,33708
500,33735
500,33761
500,33788
500,33814
500,33841
500,33867
500,33894
500,33920
500,33947
500,33973
500,34000
500,34026
500,34053
500,34079
500,34106
500,34132
500,34159
500,34185
500,34212
500,34238
500,34264
500,34291
500,34317
500,34344
500,34370
500,34397
500,34423
500,34450
500,34476
500,34503
500,34529
500,34556
500,34582
500,34609
500,34635
500,34662
500,34688
500,34715
500,34741
500,34768
500,34794
500,34821
500,34847
500,34874
500,34900
500,34927
500,34953
500,34980
500,35006
500,35033
500,35059
500,35086
500,35112
500,35139
500,35165
500,35192
500,35218
500,35245
500,35271
500,35298
500,35324
500,35351
500,35377
500,35404
500,35430
500,35457
500,35483
500,35510
500,35536
500,35563
500,35589
500,35616
500,35642
500,35669
500,35695
500,35722
500,35748
500,35775
500,35801
500,35828
500,35854
500,35881
500,35907
500,35934
500,35960
500,35987
500,36013
500,36040
500,36066
500,36093
500,36119
500,36146
500,36172
500,36199
500,36225
500,36252
500,36278
500,36305
500,36331
500,36358
500,36384
500,36411
500,36437
500,36464
500,36490
500,36517
500,36543
500,36570
500,36596
500,36622
500,36649
500,36675
500,36702
500,36728
500,36755
500,36781
500,36808
500,36834
500,36861
500,36887
500,36914
500,36940
500,36967
500,36993
500,37020
500,37046
500,37073
500,37099
500,37126
500,37152
500,37179
500,37205
500,37232
500,37258
500,37285
500,37311
500,37338
500,37364
500,37391
500,37417
500,37444
500,37470
500,37497
500,37523
500,37550
500,37576
500,37603
500,37629
500,37656
500,37682
500,37709
500,37735
500,37762
500,37788
500,37815
500,37841
500,37868
500,37894
500,37921
500,37947
500,37974
500,38000
500,38027
500,38053
500,38080
500,38106
500,38133
500,38159
500,38186
500,38212
500,38239
500,38265
500,38292
500,38318
500,38345
500,38371
500,38398
500,38424
500,38451
500,38477
500,38504
500,38530
500,38557
500,38583
500,38610
500,38636
500,38663
500,38689
500,38716
500,38742
500,38769
500,38795
500,38822
500,38848
500,38875
500,38901
500,38928
500,38954
500,38980
500,39007
500,39033
500,39060
500,39086
500,39113
500,39139
500,39166
500,39192
500,39219
500,39245
500,39272
500,39298
500,39325
500,39351
500,39378
500,39404
500,39431
500,39457
500,39484
500,39510
500,39537
500,39563
500,39590
500,39616
500,39643
500,39669
500,39696
500,39722
500,39749
500,39775
500,39802
500,39828
500,39855
500,39881
500,39908
500,39934
500,39961
500,39987
500,40014
500,40040
500,40067
500,40093
500,40120
500,40146
500,40173
500,40199
500,40226
500,40252
500,40279
500,40305
500,40332
500,40358
500,40385
500,40411
500,40438
500,40464
500,40491
500,40517
500,40544
500,40570
500,40597
500,40623
500,40650
500,40676
500,40703
500,40729
500,40756
500,40782
500,40809
500,40835
500,40862
500,40888
500,40915
500,40941
500,40968
500,40994
500,41021
500,41047
500,41074
500,41100
500,41127
500,41153
500,41180
500,41206
500,41233
500,41259
500,41286
500,41312
500,41338
500,41365
500,41391
500,41418
500,41444
500,41471
500,41497
500,41524
500,41550
500,41577
500,41603
500,41630
500,41656
500,41683
500,41709
500,41736
500,41762
500,41789
500,41815
500,41842
500,41868
500,41895
500,41921
500,41948
500,41974
500,42001
500,42027
500,42054
500,42080
500,42107
500,42133
500,42160
500,42186
500,42213
500,42239
500,42266
500,42292
500,42319
500,42345
500,42372
500,42398
500,42425
500,42451
500,42478
500,42504
500,42531
500,42557
500,42584
500,42610
500,42637
500,42663
500,42690
500,42716
500,42743
500,42769
500,42796
500,42822
500,42849
500,42875
500,42902
500,42928
500,42955
500,42981
500,43008
500,43034
500,43061
500,43087
500,43114
500,43140
500,43167
500,43193
500,43220
500,43246
500,43273
500,43299
500,43326
500,43352
500,43379
500,43405
500,43432
500,43458
500,43485
500,43511
500,43538
500,43564
500,43591
500,43617
500,43644
500,43670
500,43696
500,43723
500,43749
500,43776
500,43802
500,43829
500,43855
500,43882
500,43908
500,43935
500,43961
500,43988
500,44014
500,44041
500,44067
500,44094
500,44120
500,44147
500,44173
500,44200
500,44226
500,44253
500,44279
500,44306
500,44332
500,44359
500,44385
500,44412
500,44438
500,44465
500,44491
500,44518
500,44544
500,44571
500,44597
500,44624
500,44650
500,44677
500,44703
500,44730
500,44756
500,44783
500,44809
500,44836
500,44862
500,44889
500,44915
500,44942
500,44968
500,44995
500,45021
500,45048
500,45074
500,45101
500,45127
500,45154
500,45180
500,45207
500,45233
500,45260
500,45286
500,45313
500,45339
500,45366
500,45392
500,45419
500,45445
500,45472
500,45498
500,45525
500,45551
500,45578
500,45604
500,45631
500,45657
500,45684
500,45710
500,45737
500,45763
500,45790
500,45816
500,45843
500,45869
500,45896
500,45922
500,45949
500,45975
500,46002
500,46028
500,46054
500,46081
500,46107
320,2464
407,2488
318,2507
305,2525
370,2547
281,2564
238,2578
265,2594
356,2615
344,2636
346,2657
270,2673
309,2691
338,2711
311,2730
329,2749
233,2763
382,2786
286,2803
283,2820
260,2836
359,2857
295,2875
272,2891
296,2909
251,2924
265,2940
318,2959
238,2973
330,2993
292,3010
314,3029
367,3051
345,3071
376,3094
300,3111
296,3129
410,3154
295,3171
321,3190
346,3211
388,3234
309,3252
317,3271
305,3290
500,3316
303,3334
289,3351
419,3376
378,3399
277,3415
314,3434
290,3452
375,3474
336,3494
345,3515
250,3529
329,3549
304,3567
360,3589
263,3604
356,3626
312,3644
291,3662
500,3688
339,3708
285,3725
283,3742
296,3760
310,3778
411,3803
252,3818
305,3836
350,3857
317,3876
435,3902
256,3917
405,3941
500,3968
287,3985
362,4007
230,4020
328,4040
347,4061
500,4087
239,4101
347,4122
273,4139
297,4156
287,4173
296,4191
358,4212
500,4239
361,4260
500,4287
328,4306
334,4326
500,4353
330,4373
312,4391
348,4412
354,4433
392,4456
274,4473
296,4490
351,4511
364,4533
281,4550
328,4569
335,4589
303,4608
248,4622
325,4642
500,4668
301,4686
500,4713
500,4739
360,4761
274,4777
301,4795
290,4812
307,4831
313,4849
387,4873
345,4893
365,4915
311,4933
286,4950
500,4977
351,4998
287,5015
414,5040
307,5058
326,5077
320,5097
298,5114
374,5137
306,5155
500,5181
333,5201
370,5223
259,5239
277,5255
283,5272
351,5293
346,5314
324,5333
500,5360
315,5378
313,5397
290,5414
360,5436
293,5453
324,5473
313,5491
333,5511
389,5534
332,5554
339,5574
319,5593
343,5614
336,5634
276,5650
336,5670
318,5689
351,5710
297,5728
382,5751
325,5770
500,5797
500,5823
324,5843
281,5859
500,5886
313,5905
259,5920
312,5939
378,5961
326,5981
298,5998
352,6019
349,6040
297,6058
320,6077
321,6096
347,6117
318,6136
287,6153
288,6170
337,6190
282,6207
379,6230
301,6248
363,6269
317,6288
304,6307
378,6329
244,6344
369,6366
312,6384
327,6404
327,6423
284,6440
336,6460
352,6481
289,6499
300,6517
329,6536
356,6557
413,6582
289,6599
304,6617
366,6639
374,6661
264,6677
315,6696
313,6715
313,6733
269,6750
299,6767
500,6794
331,6814
290,6831
362,6853
339,6873
300,6891
294,6908
358,6930
403,6954
363,6975
299,6993
322,7012
296,7030
422,7055
444,7081
500,7108
359,7129
500,7156
500,7182
500,7209
338,7229
292,7246
195,7258
407,7282
500,7318
272,7334
322,7353
315,7372
137,7389
137,7405
500,7440
136,7457
136,7473
295,7499
136,7516
240,7538
142,7556
141,7573
148,7590
500,7617
307,7635
500,7662
500,7688
352,7709
308,7728
345,7748
356,7769
294,7787
320,7806
276,7823
280,7839
424,7865
500,7891
430,7917
361,7938
322,7957
232,7971
290,7989
316,8008
296,8025
355,8046
358,8068
294,8085
308,8104
341,8124
349,8145
285,8162
297,8180
335,8200
281,8216
353,8237
337,8258
500,8284
340,8304
337,8324
308,8343
318,8362
408,8386
444,8412
263,8428
360,8450
300,8468
500,8494
254,8509
320,8528
337,8548
357,8570
306,8588
338,8608
282,8625
304,8643
243,8658
326,8677
272,8694
331,8713
298,8731
319,8750
379,8773
304,8791
293,8808
398,8832
345,8853
314,8871
303,8889
298,8907
418,8932
310,8951
373,8973
327,8992
340,9013
315,9031
297,9049
326,9069
316,9087
257,9103
322,9122
294,9140
265,9156
317,9174
243,9189
320,9208
500,9242
116,9257
116,9271
116,9285
115,9299
114,9313
114,9327
500,9353
113,9367
113,9381
500,9415
114,9429
115,9443
115,9457
115,9471
116,9485
500,9518
125,9533
306,9552
311,9579
397,9602
408,9626
300,9644
405,9668
313,9687
310,9706
230,9719
316,9738
368,9760
358,9782
244,9796
242,9811
280,9827
329,9847
500,9874
376,9896
345,9917
351,9937
235,9952
323,9971
500,9997
309,10016
251,10031
277,10047
284,10064
303,10082
300,10100
353,10121
319,10141
377,10163
264,10179
338,10199
276,10215
500,10242
331,10262
365,10283
330,10303
264,10319
500,10346
297,10363
308,10382
500,10408
279,10425
278,10441
500,10468
304,10486
342,10506
328,10526
356,10547
277,10564
262,10579
290,10597
500,10623
321,10642
500,10669
302,10687
282,10704
320,10723
324,10742
324,10762
349,10782
281,10799
285,10816
321,10835
325,10855
344,10875
367,10897
500,10924
322,10943
297,10961
416,10985
500,11012
314,11031
500,11057
357,11078
279,11095
291,11113
342,11133
318,11152
329,11171
335,11191
500,11218
348,11239
285,11256
264,11272
384,11294
275,11311
500,11337
324,11357
500,11383
247,11398
343,11418
310,11437
263,11453
250,11468
258,11483
280,11500
258,11515
314,11534
298,11552
235,11566
500,11600
109,11613
107,11626
500,11659
100,11672
101,11684
114,11698
100,11710
98,11723
99,11735
500,11761
113,11775
106,11788
183,11799
500,11825
210,11838
191,11849
293,11874
100,11886
111,11899
173,11909
98,11921
98,11933
99,11945
78,11956
153,11972
107,11985
97,11997
97,12009
97,12021
500,12053
168,12063
165,12073
500,12100
165,12110
155,12128
139,12145
160,12164
93,12425
93,12436
92,12448
92,12459
92,12471
92,12482
92,12493
93,12505
93,12515
92,12526
93,12538
102,12550
500,12582
92,12594
500,12620
92,12631
92,12643
93,12654
93,12666
93,12677
156,12696
114,12710
94,12721
500,12754
252,12769
244,12783
310,12802
331,12822
333,12842
500,12868
299,12886
287,12903
361,12925
377,12947
279,12964
336,12984
341,13004
321,13023
279,13040
287,13057
206,13070
315,13088
302,13106
371,13129
438,13155
289,13172
220,13185
341,13205
335,13225
343,13246
315,13265
500,13291
327,13311
326,13330
500,13357
329,13376
330,13396
353,13417
318,13436
500,13462
281,13479
315,13498
295,13516
315,13534
319,13554
276,13570
309,13588
369,13610
314,13629
300,13647
500,13674
320,13693
297,13710
313,13729
357,13750
321,13770
358,13791
244,13806
345,13826
500,13853
278,13869
330,13889
294,13906
386,13929
500,13956
436,13982
149,14000
276,14016
283,14033
149,14051
150,14061
149,14079
149,14097
500,14132
289,14159
156,14177
268,14193
156,14203
284,14220
165,14230
172,14240
300,14258
243,14273
500,14299
303,14317
277,14334
332,14354
268,14370
325,14389
292,14407
500,14433
316,14452
293,14469
358,14491
325,14510
361,14532
284,14549
298,14567
319,14586
361,14607
256,14622
266,14638
358,14660
381,14682
348,14703
309,14721
361,14743
280,14760
263,14775
370,14797
500,14824
340,14844
319,14863
276,14880
273,14896
317,14915
323,14934
343,14955
315,14974
500,15000
342,15021
500,15047
251,15062
325,15081
274,15098
500,15124
283,15141
352,15162
284,15179
306,15197
316,15216
337,15236
295,15254
500,15281
377,15303
332,15323
430,15348
421,15373
360,15395
358,15416
376,15439
286,15456
347,15476
333,15496
372,15518
331,15538
333,15558
275,15575
261,15590
287,15607
242,15622
262,15638
342,15658
500,15684
333,15704
322,15723
345,15744
287,15761
355,15782
500,15809
357,15830
326,15850
339,15870
376,15892
290,15910
277,15926
500,15953
314,15971
307,15990
336,16010
344,16030
339,16050
349,16071
261,16087
288,16104
250,16119
297,16137
344,16157
321,16177
333,16196
313,16215
350,16236
288,16253
221,16266
318,16285
314,16304
418,16329
339,16349
306,16367
321,16387
369,16409
346,16429
322,16449
275,16465
330,16485
500,16511
333,16531
280,16548
318,16567
298,16584
263,16600
288,16617
396,16641
338,16661
296,16679
366,16701
368,16723
328,16742
281,16759
282,16776
264,16792
277,16808
500,16835
279,16851
328,16871
262,16887
299,16904
430,16930
324,16949
253,16964
251,16980
381,17002
336,17022
245,17037
310,17055
251,17070
500,17097
281,17114
296,17131
370,17153
268,17169
333,17189
304,17207
268,17224
355,17245
298,17262
269,17279
276,17295
282,17312
351,17333
351,17354
137,17370
500,17405
128,17421
125,17436
500,17470
123,17486
123,17501
123,17516
122,17530
500,17564
238,17586
242,17600
119,17615
120,17630
236,17644
500,17677
500,17711
117,17725
117,17740
118,17754
117,17768
115,17782
117,17797
500,17823
117,17838
117,17852
500,17878
117,17893
500,17926
117,17941
118,17955
118,17969
118,17984
119,17998
500,18032
219,18045
354,18066
315,18085
327,18105
261,18120
335,18140
286,18158
273,18174
326,18193
352,18214
302,18232
500,18259
318,18278
259,18293
265,18309
311,18328
393,18351
359,18372
320,18392
266,18407
284,18424
319,18444
371,18466
291,18483
500,18510
263,18525
277,18542
320,18561
339,18581
276,18598
271,18614
298,18632
307,18650
395,18673
334,18693
321,18713
346,18733
355,18754
290,18772
298,18789
331,18809
307,18828
273,18844
500,18870
222,18884
366,18905
279,18922
305,18940
406,18964
331,18984
320,19003
284,19020
270,19036
356,19058
267,19074
282,19091
378,19113
500,19140
246,19154
292,19172
293,19189
355,19210
298,19228
315,19247
364,19269
307,19287
270,19303
269,19319
317,19338
320,19357
356,19379
318,19398
500,19424
327,19444
317,19462
331,19482
330,19502
339,19522
272,19538
286,19555
335,19575
362,19597
267,19613
345,19634
351,19654
327,19674
268,19690
430,19716
500,19742
249,19757
298,19775
363,19796
329,19816
500,19843
281,19859
291,19877
301,19895
278,19911
500,19938
350,19959
328,19978
339,19999
306,20017
281,20034
276,20050
339,20070
353,20091
387,20114
356,20136
364,20157
299,20175
322,20194
346,20215
313,20234
346,20254
295,20272
320,20291
269,20307
399,20331
343,20351
350,20372
323,20392
265,20407
288,20425
258,20440
268,20456
307,20474
350,20495
310,20514
286,20531
372,20553
404,20577
360,20599
286,20616
500,20642
321,20661
285,20678
330,20698
375,20720
358,20742
329,20761
341,20782
375,20804
346,20825
253,20840
275,20856
306,20875
276,20891
265,20907
350,20928
352,20949
252,20964
312,20982
295,21000
372,21022
259,21038
250,21053
500,21079
351,21100
320,21119
268,21135
323,21155
500,21181
278,21198
322,21217
295,21234
296,21252
330,21272
261,21287
318,21306
317,21325
297,21343
300,21361
303,21379
319,21398
287,21415
303,21433
395,21457
500,21483
500,21510
316,21529
285,21546
243,21560
337,21581
314,21599
389,21622
337,21643
282,21659
500,21686
363,21708
329,21727
221,21740
392,21764
500,21790
334,21810
327,21830
335,21850
249,21865
304,21883
300,21901
379,21923
314,21942
285,21959
276,21976
500,22090
331,22110
295,22127
500,22154
350,22175
268,22191
348,22212
281,22228
399,22252
319,22271
338,22291
323,22311
281,22327
500,22354
369,22376
281,22393
288,22410
293,22427
244,22442
307,22460
287,22478
500,22504
324,22523
500,22550
260,22565
335,22585
358,22607
241,22621
272,22637
293,22655
339,22675
298,22693
292,22710
243,22725
290,22742
320,22761
275,22778
330,22798
428,22823
316,22842
302,22860
301,22878
376,22900
265,22916
312,22935
500,22961
361,22983
257,22998
242,23013
360,23034
386,23057
313,23076
264,23092
292,23109
342,23130
283,23146
500,23173
326,23192
356,23214
326,23233
282,23250
284,23267
500,23293
316,23312
249,23327
330,23347
340,23367
273,23383
362,23405
322,23424
340,23444
270,23461
130,23477
241,23491
346,23512
321,23531
225,23544
118,23559
117,23573
117,23588
116,23602
234,23616
116,23630
116,23644
116,23658
500,23692
362,23713
123,23728
131,23744
306,23762
336,23782
370,23805
500,23831
309,23849
302,23868
349,23888
369,23910
500,23937
358,23958
295,23976
361,23997
335,24017
374,24039
334,24059
278,24076
327,24096
334,24115
234,24129
305,24148
296,24165
318,24184
319,24203
328,24223
406,24247
341,24267
302,24285
352,24306
298,24324
367,24346
290,24363
399,24387
500,24414
268,24430
268,24446
330,24465
500,24492
313,24511
252,24526
311,24544
416,24569
224,24582
269,24599
296,24616
366,24638
311,24657
336,24677
289,24694
259,24709
301,24727
313,24746
312,24765
398,24788
235,24803
290,24820
425,24845
322,24864
292,24882
500,24908
351,24929
348,24950
316,24969
244,24983
301,25001
318,25020
306,25039
305,25057
373,25079
342,25100
272,25116
289,25133
376,25156
360,25177
311,25196
272,25212
285,25229
249,25244
330,25263
284,25280
309,25299
391,25322
298,25340
329,25360
338,25380
245,25394
500,25421
445,25447
298,25465
283,25482
257,25497
318,25516
249,25531
363,25553
303,25571
304,25589
382,25612
367,25634
353,25655
380,25678
329,25697
323,25716
335,25736
191,25748
153,25767
310,25785
278,25802
294,25819
143,25837
142,25854
141,25871
141,25888
141,25906
500,25941
294,25967
298,25985
500,26020
164,26030
321,26049
321,26068
300,26086
267,26102
281,26119
500,26145
264,26161
270,26177
341,26198
306,26216
272,26232
306,26251
300,26269
362,26290
302,26308
256,26323
500,26350
327,26369
317,26388
500,26415
500,26441
500,26468
296,26486
332,26505
270,26521
351,26542
307,26561
343,26581
335,26601
271,26617
235,26632
314,26650
314,26669
338,26689
301,26707
386,26730
364,26752
291,26769
500,26796
281,26812
386,26835
303,26854
296,26871
372,26893
361,26915
296,26933
408,26957
322,26976
282,26993
295,27011
360,27032
350,27053
284,27070
306,27088
390,27112
317,27130
500,27157
285,27174
327,27193
259,27209
345,27230
298,27247
293,27265
312,27283
310,27302
500,27328
373,27351
500,27377
292,27395
332,27414
358,27436
324,27455
274,27471
500,27498
293,27515
328,27535
331,27555
340,27575
294,27593
279,27609
235,27623
253,27639
367,27660
263,27676
294,27694
353,27715
330,27734
246,27749
268,27765
321,27784
435,27810
347,27831
327,27851
295,27868
358,27889
302,27907
315,27926
308,27945
500,27971
361,27993
317,28012
337,28032
308,28050
288,28067
270,28083
362,28105
310,28124
241,28138
377,28160
412,28185
308,28203
355,28225
342,28245
380,28268
322,28287
337,28307
326,28326
298,28344
305,28362
344,28383
318,28402
277,28418
500,28445
340,28465
323,28484
284,28501
287,28519
297,28536
269,28552
313,28571
378,28594
313,28612
288,28630
318,28649
314,28667
358,28689
364,28710
266,28726
322,28746
404,28770
308,28788
290,28805
230,28819
379,28842
314,28860
299,28878
400,28902
327,28922
294,28939
273,28956
307,28974
500,29000
325,29020
284,29037
269,29053
297,29071
319,29090
500,29116
436,29142
392,29165
359,29187
500,29213
325,29233
400,29256
500,29283
500,29309
500,29336
243,29350
386,29373
320,29393
297,29410
312,29429
297,29447
303,29465
267,29481
331,29500
342,29521
318,29540
500,29566
305,29585
500,29611
333,29631
301,29649
346,29670
327,29689
342,29709
278,29726
321,29745
306,29764
307,29782
293,29799
298,29817
337,29837
321,29856
290,29874
304,29892
298,29910
296,29927
308,29946
436,29972
311,29990
500,30017
313,30036
377,30058
387,30081
317,30100
376,30122
306,30141
288,30158
312,30176
347,30197
327,30217
325,30236
500,30263
326,30282
326,30301
300,30319
418,30344
328,30364
275,30380
298,30398
399,30422
313,30440
301,30458
236,30473
403,30497
332,30516
269,30532
259,30548
500,30574
303,30593
232,30606
267,30622
500,30649
500,30675
274,30692
324,30711
285,30728
289,30745
257,30761
264,30777
354,30798
313,30816
321,30836
268,30852
219,30865
254,30880
346,30901
310,30919
266,30935
281,30952
324,30971
273,30988
248,31002
437,31028
404,31052
353,31073
278,31090
500,31117
299,31134
294,31152
312,31171
284,31188
313,31206
274,31223
500,31249
361,31271
342,31291
253,31306
364,31328
311,31346
364,31368
318,31387
256,31402
310,31421
290,31438
298,31456
362,31478
380,31500
311,31519
350,31540
355,31561
310,31579
270,31596
295,31613
291,31631
500,31657
278,31674
285,31691
330,31710
284,31727
285,31744
297,31762
282,31779
334,31886
352,31907
321,31926
331,31946
500,31972
363,31994
304,32012
366,32034
500,32060
348,32081
344,32101
255,32117
265,32133
500,32159
280,32176
280,32192
275,32209
395,32232
285,32249
267,32265
291,32283
386,32306
314,32325
214,32337
284,32354
320,32374
305,32392
317,32411
277,32427
322,32446
324,32466
325,32485
296,32503
279,32520
380,32542
342,32563
297,32580
500,32607
362,32628
321,32647
349,32668
304,32686
289,32704
246,32718
250,32733
500,32760
500,32786
277,32803
293,32820
308,32839
311,32857
289,32875
311,32893
325,32913
360,32934
500,32961
372,32983
362,33004
299,33022
285,33039
305,33057
297,33075
340,33095
289,33113
280,33129
388,33153
265,33168
291,33186
313,33205
418,33229
296,33247
270,33263
286,33280
236,33294
318,33313
279,33330
307,33348
309,33367
296,33385
393,33408
254,33423
292,33441
306,33459
312,33478
500,33504
274,33520
500,33547
283,33564
351,33585
500,33611
330,33631
271,33647
289,33665
346,33685
246,33700
235,33714
390,33737
317,33756
286,33773
354,33794
500,33821
339,33841
267,33857
290,33874
500,33901
295,33918
327,33938
322,33957
377,33980
290,33997
295,34015
376,34037
293,34054
324,34074
296,34091
306,34110
313,34128
263,34144
295,34162
403,34186
304,34204
310,34222
271,34239
358,34260
369,34282
291,34299
500,34326
333,34346
311,34364
327,34384
279,34400
339,34421
273,34437
300,34455
367,34477
268,34493
312,34511
286,34529
285,34546
351,34566
345,34587
275,34603
335,34623
318,34642
309,34661
252,34676
305,34694
255,34709
324,34729
283,34746
343,34766
358,34787
295,34805
312,34824
272,34840
288,34857
500,34884
367,34906
333,34925
318,34944
334,34964
276,34981
292,34998
500,35025
313,35043
314,35062
415,35087
304,35105
273,35121
346,35142
342,35162
500,35189
363,35211
298,35228
500,35255
279,35272
244,35286
500,35313
349,35333
317,35352
355,35374
321,35393
294,35410
219,35423
283,35440
311,35459
277,35475
294,35493
338,35513
315,35532
350,35553
311,35571
245,35586
326,35606
299,35623
302,35641
294,35659
298,35677
500,35703
346,35724
292,35741
302,35759
327,35779
326,35798
322,35818
374,35840
351,35861
309,35879
319,35898
306,35917
299,35934
283,35951
251,35966
282,35983
295,36001
264,36017
313,36035
329,36055
332,36075
358,36096
277,36113
268,36129
273,36145
362,36167
500,36193
421,36218
334,36238
307,36256
247,36271
239,36286
291,36303
407,36327
290,36345
269,36361
277,36377
500,36404
348,36424
340,36445
310,36463
255,36478
315,36497
255,36512
298,36530
292,36548
266,36564
268,36580
338,36600
312,36618
268,36635
285,36652
257,36667
364,36689
283,36706
277,36722
329,36742
421,36767
500,36793
342,36814
366,36835
301,36853
286,36871
285,36888
294,36905
332,36925
292,36942
308,36961
312,36980
500,37006
274,37022
389,37046
367,37067
271,37084
267,37100
500,37126
290,37143
319,37162
363,37184
293,37202
307,37220
273,37236
278,37253
419,37278
500,37304
316,37323
289,37340
295,37358
500,37385
340,37405
364,37427
313,37445
312,37464
277,37480
332,37500
322,37519
303,37538
337,37558
291,37575
334,37595
245,37610
292,37627
295,37645
274,37661
281,37678
301,37696
307,37714
322,37733
372,37756
344,37776
283,37793
222,37806
305,37825
279,37841
312,37860
282,37877
310,37895
314,37914
313,37933
371,37955
292,37972
260,37988
250,38003
336,38023
381,38046
256,38061
500,38087
327,38107
304,38125
349,38146
326,38165
500,38192
287,38209
251,38224
331,38244
291,38261
273,38277
222,38291
271,38307
314,38326
315,38345
277,38361
500,38388
334,38408
324,38427
238,38441
339,38461
344,38482
315,38501
340,38521
257,38536
500,38563
350,38584
316,38603
309,38621
500,38648
266,38664
317,38682
296,38700
500,38727
284,38744
289,38761
297,38779
384,38801
282,38818
276,38835
346,38855
500,38882
332,38902
291,38919
317,38938
170,38948
218,38961
313,38980
278,38997
164,39007
164,39017
164,39027
164,39046
164,39056
163,39066
184,39077
163,39087
304,39105
163,39115
164,39125
165,39135
163,39145
500,39171
164,39181
165,39191
500,39218
173,39228
372,39250
389,39274
257,39289
335,39309
356,39330
312,39349
218,39362
500,39388
272,39405
278,39421
271,39437
399,39461
323,39480
294,39498
353,39519
321,39538
292,39556
383,39578
288,39596
315,39614
302,39633
293,39650
325,39669
269,39685
500,39712
330,39732
268,39748
383,39770
354,39792
268,39808
354,39829
300,39847
232,39860
500,39887
378,39909
340,39930
271,39946
268,39962
330,39982
347,40002
291,40020
315,40039
342,40059
378,40081
271,40098
269,40114
372,40136
500,40162
303,40180
384,40203
417,40228
291,40246
310,40264
500,40291
366,40312
324,40332
500,40358
500,40385
307,40403
259,40418
335,40438
274,40455
282,40472
321,40491
500,40517
273,40534
306,40552
267,40568
314,40587
367,40609
366,40630
370,40653
443,40679
500,40705
383,40728
500,40755
253,40770
285,40787
276,40803
319,40822
302,40840
318,40859
500,40886
394,40909
253,40925
291,40942
370,40964
318,40983
307,41001
372,41024
500,41050
300,41068
341,41088
331,41108
335,41128
367,41150
242,41164
336,41184
322,41204
284,41221
500,41247
343,41268
356,41289
261,41304
500,41331
302,41349
267,41365
500,41391
245,41406
330,41513
404,41537
347,41558
360,41579
330,41599
306,41617
301,41635
308,41653
314,41672
304,41690
371,41712
349,41733
306,41751
310,41770
366,41792
383,41815
274,41831
239,41845
426,41871
265,41887
249,41901
222,41915
358,41936
348,41957
316,41976
297,41993
267,42009
335,42029
500,42056
279,42073
303,42091
280,42107
249,42122
279,42139
285,42156
339,42176
322,42195
247,42210
285,42227
369,42249
500,42276
280,42292
308,42311
319,42330
271,42346
281,42363
500,42389
300,42407
285,42424
287,42442
411,42466
392,42489
276,42506
239,42520
500,42547
329,42566
250,42581
299,42599
364,42621
292,42638
268,42654
296,42672
319,42691
279,42708
311,42726
311,42745
360,42766
291,42784
500,42810
394,42834
358,42855
316,42874
500,42900
346,42921
321,42940
368,42962
341,42982
298,43000
371,43022
324,43042
337,43062
500,43088
287,43105
244,43120
256,43135
364,43157
338,43177
295,43195
297,43213
327,43232
329,43252
307,43270
290,43287
289,43305
331,43324
308,43343
376,43365
500,43392
299,43410
244,43424
343,43445
417,43469
500,43496
238,43510
294,43528
500,43554
314,43573
425,43598
333,43618
290,43635
259,43651
500,43677
340,43698
314,43716
319,43736
398,43759
301,43777
377,43800
345,43820
306,43838
304,43857
315,43875
338,43896
364,43917
500,43944
263,43960
313,43978
297,43996
308,44014
331,44034
275,44051
316,44069
267,44085
223,44099
301,44117
279,44133
317,44152
359,44174
443,44200
292,44218
286,44235
300,44253
412,44277
355,44298
358,44320
300,44337
303,44356
273,44372
306,44390
346,44411
346,44431
500,44458
255,44473
315,44492
346,44513
321,44532
326,44551
303,44569
500,44596
296,44614
295,44631
348,44652
314,44671
282,44687
234,44702
326,44721
315,44740
261,44755
350,44776
269,44792
233,44806
252,44822
384,44844
317,44863
297,44881
314,44900
319,44919
296,44937
322,44956
306,44974
285,44991
330,45011
334,45031
292,45048
298,45066
500,45092
296,45110
290,45127
381,45150
318,45169
297,45187
500,45213
293,45231
277,45247
355,45269
247,45283
316,45302
338,45322
500,45349
301,45367
298,45385
344,45405
305,45424
310,45442
500,45469
317,45487
301,45505
262,45521
306,45539
310,45558
320,45577
304,45595
357,45616
500,45643
273,45659
322,45678
360,45700
358,45721
305,45739
288,45757
367,45778
500,45805
273,45821
287,45838
319,45857
297,45875
239,45889
244,45904
421,45929
330,45949
281,45966
500,45992
321,46011
500,46038
310,46056
295,46074
362,46095
306,46114
500,46140
323,46159
260,46175
286,46192
278,46209
500,46235
348,46256
301,46274
293,46291
338,46312
301,46330
324,46349
340,46369
258,46385
281,46401
297,46419
312,46438
265,46454
329,46473
264,46489
323,46508
500,46535
332,46555
325,46574
242,46589
240,46603
233,46617
323,46636
270,46652
500,46679
397,46703
314,46721
304,46739
307,46758
329,46777
321,46797
349,46817
338,46838
285,46855
315,46873
284,46890
500,46917
307,46935
248,46950
235,46964
289,46981
333,47001
267,47017
264,47033
335,47053
330,47073
355,47094
500,47120
256,47136
352,47157
500,47183
418,47208
318,47227
291,47244
329,47264
411,47289
249,47303
269,47320
280,47336
291,47354
500,47380
243,47395
313,47413
318,47432
325,47452
303,47470
284,47487
500,47513
302,47531
279,47548
360,47570
397,47593
500,47620
299,47638
329,47657
388,47680
288,47698
246,47712
357,47734
231,47747
369,47769
246,47784
276,47801
319,47820
278,47836
230,47850
261,47866
327,47885
303,47903
500,47930
298,47948
349,47968
313,47987
335,48007
324,48026
249,48041
396,48065
382,48088
397,48111
355,48132
280,48149
271,48165
402,48189
343,48210
330,48230
257,48245
322,48264
347,48285
371,48307
309,48325
292,48343
278,48359
311,48378
288,48395
500,48422
296,48439
281,48456
292,48474
314,48492
409,48517
323,48536
500,48563
337,48583
344,48603
320,48622
298,48640
321,48659
217,48672
314,48691
500,48718
305,48736
365,48757
313,48776
376,48799
298,48816
245,48831
336,48851
273,48867
319,48886
311,48905
255,48920
322,48939
500,48966
250,48981
378,49003
279,49020
275,49037
282,49053
327,49073
329,49093
323,49112
304,49130
287,49147
322,49166
317,49185
500,49212
290,49229
307,49247
344,49268
315,49287
262,49302
321,49322
340,49342
313,49360
318,49379
256,49395
296,49412
270,49429
266,49445
375,49467
312,49485
322,49505
255,49520
328,49540
293,49557
280,49574
314,49593
353,49614
324,49633
327,49652
240,49667
261,49682
328,49702
307,49720
254,49736
334,49755
274,49772
291,49789
271,49805
279,49822
384,49845
301,49863
266,49879
304,49897
304,49915
303,49933
281,49950
324,49969
424,49995
348,50015
233,50029
301,50047
302,50065
312,50084
289,50101
301,50119
419,50144
313,50163
317,50182
352,50203
289,50220
391,50243
322,50263
313,50281
270,50297
286,50315
294,50332
283,50349
500,50376
366,50397
344,50418
250,50433
316,50452
310,50470
310,50489
342,50509
406,50533
272,50550
299,50567
297,50585
337,50605
246,50620
339,50640
305,50658
344,50679
272,50695
261,50711
270,50727
341,50747
346,50768
329,50788
323,50807
361,50828
321,50848
278,50864
318,50883
297,50901
369,50923
269,50939
252,50954
344,50975
312,50993
304,51011
318,51030
340,51051
294,51068
319,51087
281,51191
369,51213
309,51231
206,51244
341,51264
412,51288
306,51307
282,51324
347,51344
313,51363
275,51379
248,51394
326,51414
154,51432
345,51453
158,51463
160,51482
161,51492
164,51502
167,51512
171,51522
293,51539
328,51559
310,51578
338,51598
305,51616
500,51642
392,51666
300,51684
290,51701
387,51724
367,51746
312,51765
333,51784
286,51801
294,51819
275,51835
301,51853
375,51876
318,51895
260,51910
276,51927
346,51947
339,51968
298,51985
323,52005
378,52027
271,52043
272,52060
331,52079
352,52100
284,52117
280,52134
350,52155
306,52173
381,52196
241,52210
250,52225
279,52242
281,52259
320,52278
246,52293
320,52312
365,52334
327,52353
346,52374
344,52394
385,52417
317,52436
308,52454
368,52476
358,52498
310,52516
236,52530
339,52551
293,52568
278,52585
263,52601
500,52627
358,52648
334,52668
394,52692
319,52711
332,52731
267,52747
500,52773
320,52792
278,52809
271,52825
315,52844
338,52864
500,52891
267,52907
288,52924
296,52941
273,52958
243,52972
268,52988
500,53015
288,53032
267,53048
273,53064
342,53085
282,53102
315,53121
272,53137
343,53157
334,53177
313,53196
308,53214
331,53234
348,53255
358,53276
299,53294
323,53313
280,53330
324,53349
329,53369
371,53391
268,53407
271,53423
500,53450
313,53468
323,53488
253,53503
241,53517
252,53532
310,53551
301,53569
345,53590
284,53607
323,53626
274,53642
500,53669
398,53692
260,53708
344,53728
264,53744
271,53760
248,53775
319,53794
313,53813
282,53830
268,53846
258,53861
268,53877
288,53895
395,53918
277,53935
283,53952
374,53974
374,53996
282,54013
263,54029
371,54051
320,54070
251,54085
242,54099
369,54121
356,54143
269,54159
309,54177
270,54193
257,54209
293,54226
233,54240
287,54257
371,54280
344,54300
314,54319
294,54336
304,54355
357,54376
261,54391
260,54407
370,54429
323,54448
287,54465
318,54484
346,54505
328,54525
291,54542
330,54562
349,54582
333,54602
288,54620
500,54646
322,54665
266,54681
298,54699
322,54718
290,54736
266,54752
500,54778
321,54797
324,54817
255,54832
267,54848
290,54865
356,54886
267,54902
303,54920
337,54940
295,54958
291,54975
352,54996
302,55014
328,55034
500,55060
274,55077
307,55095
250,55110
266,55126
267,55142
500,55169
358,55190
282,55207
312,55226
292,55243
328,55263
337,55283
290,55300
305,55318
388,55341
335,55361
300,55379
268,55395
300,55413
339,55433
327,55453
262,55468
340,55489
290,55506
340,55526
322,55546
282,55562
349,55583
320,55602
500,55629
500,55655
291,55673
500,55699
280,55716
267,55732
241,55746
270,55763
344,55783
339,55803
500,55830
363,55851
397,55875
343,55896
315,55914
336,55934
356,55956
272,55972
348,55993
315,56011
320,56030
335,56050
343,56071
260,56086
303,56105
296,56122
294,56140
316,56159
363,56180
500,56207
349,56228
329,56247
316,56266
289,56283
295,56301
500,56327
293,56345
268,56361
394,56384
332,56404
287,56421
319,56440
285,56458
271,56474
309,56492
324,56512
345,56532
281,56549
301,56567
269,56583
264,56599
294,56616
324,56636
348,56657
270,56673
282,56690
339,56710
288,56727
263,56743
338,56763
306,56781
339,56801
240,56816
384,56839
321,56858
321,56877
356,56898
500,56925
279,56941
290,56959
380,56981
338,57001
277,57018
317,57037
431,57063
350,57083
268,57099
327,57119
344,57139
294,57157
272,57173
333,57193
356,57214
295,57232
241,57246
243,57261
500,57288
500,57314
316,57333
418,57358
319,57377
244,57391
312,57410
321,57429
500,57456
246,57470
331,57490
318,57509
374,57531
294,57549
500,57576
316,57594
254,57610
349,57630
321,57650
338,57670
253,57685
500,57711
500,57738
396,57761
343,57782
272,57798
292,57816
306,57834
257,57849
265,57865
363,57887
298,57905
308,57923
310,57941
383,57964
337,57984
282,58001
238,58015
378,58038
335,58058
314,58077
245,58091
500,58118
277,58135
276,58151
304,58169
343,58190
261,58205
336,58225
291,58243
296,58260
500,58287
321,58306
308,58325
500,58351
268,58367
329,58387
260,58402
346,58423
305,58441
297,58459
320,58478
344,58498
253,58514
284,58531
289,58548
311,58566
234,58580
291,58598
306,58616
396,58640
356,58661
280,58678
272,58694
284,58711
368,58733
269,58749
347,58770
353,58791
325,58810
304,58828
256,58843
346,58864
298,58882
313,58901
310,58919
299,58937
263,58953
281,58969
259,58985
242,58999
312,59018
299,59036
259,59051
311,59070
293,59088
323,59107
259,59122
298,59140
344,59161
284,59178
303,59196
350,59217
500,59243
319,59262
223,59276
282,59292
289,59310
357,59331
290,59348
282,59365
360,59387
358,59408
270,59424
221,59437
298,59455
356,59476
339,59497
370,59519
390,59542
355,59563
273,59579
313,59598
330,59618
346,59638
279,59655
319,59674
314,59693
312,59711
269,59728
265,59743
272,59760
313,59778
339,59799
326,59818
366,59840
500,59866
335,59886
328,59906
336,59926
305,59944
325,59964
347,59984
293,60002
303,60020
315,60039
314,60057
304,60076
500,60102
273,60118
249,60133
322,60153
290,60170
296,60188
352,60209
299,60226
335,60246
326,60266
322,60285
239,60299
335,60319
500,60346
300,60364
300,60382
317,60401
300,60419
406,60443
353,60464
289,60481
246,60496
379,60518
248,60533
258,60549
311,60567
500,60594
500,60620
245,60734
375,60757
339,60777
374,60799
338,60819
327,60839
306,60857
266,60873
362,60895
500,60921
289,60938
254,60954
301,60972
318,60991
306,61009
296,61027
385,61050
342,61070
292,61087
234,61101
276,61118
330,61138
321,61157
289,61174
251,61189
439,61215
430,61241
277,61257
334,61277
378,61300
293,61317
335,61337
252,61352
253,61368
230,61381
278,61398
413,61423
381,61445
329,61465
389,61488
274,61505
325,61524
500,61550
409,61575
348,61595
305,61614
357,61635
249,61650
328,61669
274,61686
274,61702
354,61723
294,61741
253,61756
500,61783
258,61798
315,61817
235,61831
335,61851
311,61869
402,61893
269,61909
342,61930
268,61946
381,61969
313,61987
372,62009
319,62029
281,62045
296,62063
270,62079
322,62098
339,62119
279,62135
289,62153
346,62173
402,62197
299,62215
271,62231
256,62247
283,62263
283,62280
292,62298
315,62317
333,62336
420,62361
284,62378
355,62400
346,62420
282,62437
283,62454
331,62474
397,62497
333,62517
300,62535
314,62554
293,62571
312,62590
291,62608
342,62628
500,62654
291,62672
303,62690
299,62708
311,62726
322,62746
500,62772
383,62795
273,62811
270,62827
387,62850
318,62869
344,62890
314,62909
280,62925
285,62942
274,62959
500,62985
371,63007
323,63027
280,63043
346,63064
290,63081
311,63100
343,63120
318,63139
301,63157
270,63174
314,63192
312,63211
278,63228
297,63245
303,63263
354,63284
325,63304
327,63323
317,63342
324,63362
262,63377
366,63399
277,63416
246,63430
500,63457
328,63476
395,63500
318,63519
338,63539
266,63555
239,63569
296,63587
346,63608
306,63626
315,63645
287,63662
289,63679
318,63698
442,63724
350,63745
326,63765
247,63780
336,63800
266,63815
376,63838
305,63856
308,63874
369,63896
355,63918
306,63936
236,63950
319,63969
352,63990
317,64009
285,64026
293,64043
305,64062
345,64082
289,64099
351,64120
351,64141
222,64155
300,64173
344,64193
253,64208
278,64225
341,64245
238,64259
323,64279
346,64299
286,64316
298,64334
356,64355
303,64374
269,64390
500,64416
284,64433
328,64453
402,64477
285,64494
295,64511
281,64528
350,64549
293,64566
304,64585
324,64604
381,64627
378,64649
333,64669
413,64694
345,64714
359,64736
304,64754
388,64777
300,64795
304,64813
291,64830
356,64852
356,64873
337,64893
314,64912
282,64928
446,64955
384,64978
253,64993
331,65013
314,65031
500,65058
273,65074
315,65093
257,65108
275,65125
349,65146
372,65168
381,65191
256,65206
263,65222
319,65241
288,65258
309,65276
309,65295
289,65312
324,65331
372,65354
327,65373
263,65389
402,65413
306,65431
345,65452
322,65471
500,65497
283,65514
317,65533
368,65555
318,65574
290,65591
266,65607
439,65633
295,65651
273,65667
344,65688
293,65705
308,65724
319,65743
322,65762
500,65789
262,65804
322,65823
309,65842
292,65859
322,65879
321,65898
500,65924
381,65947
314,65966
251,65981
500,66007
315,66026
312,66045
298,66062
339,66083
231,66096
277,66113
500,66140
286,66157
276,66173
236,66187
292,66205
266,66221
269,66237
266,66253
299,66271
258,66286
305,66304
288,66321
301,66339
294,66357
360,66378
260,66394
500,66420
362,66442
295,66460
335,66480
331,66499
286,66516
319,66536
500,66562
303,66580
302,66598
500,66625
305,66643
304,66661
318,66680
500,66706
337,66727
368,66748
301,66766
252,66782
330,66801
303,66819
305,66837
305,66856
309,66874
339,66894
356,66916
261,66931
365,66953
293,66970
309,66989
258,67004
268,67020
220,67034
265,67049
287,67067
301,67085
279,67101
309,67120
312,67138
301,67156
317,67175
298,67193
286,67210
325,67230
312,67248
254,67263
313,67282
339,67302
254,67317
357,67339
353,67360
500,67386
338,67406
366,67428
500,67455
500,67481
347,67502
307,67520
342,67541
500,67567
328,67587
418,67612
280,67628
500,67655
342,67675
309,67694
242,67708
296,67726
285,67743
245,67757
334,67777
290,67795
302,67813
322,67832
276,67848
273,67865
270,67881
500,67907
328,67927
319,67946
304,67964
276,67981
358,68002
325,68021
500,68048
310,68066
288,68084
353,68105
309,68123
283,68140
276,68157
274,68173
365,68195
338,68215
311,68233
347,68254
274,68270
303,68289
372,68311
374,68333
326,68352
317,68371
500,68398
343,68418
277,68435
332,68455
500,68481
273,68497
304,68516
317,68535
318,68554
500,68580
310,68599
272,68615
274,68631
335,68651
306,68669
289,68687
266,68703
291,68720
322,68739
327,68759
313,68777
270,68794
310,68812
278,68829
287,68846
313,68865
380,68887
288,68904
320,68923
275,68940
270,68956
284,68973
274,68989
362,69011
320,69030
278,69047
500,69073
314,69092
278,69109
243,69123
287,69140
500,69167
289,69184
249,69199
329,69219
260,69234
346,69255
285,69272
341,69292
297,69310
333,69330
282,69347
246,69361
372,69384
341,69404
284,69421
289,69438
340,69458
314,69477
268,69493
289,69511
266,69526
309,69545
307,69563
323,69582
270,69599
271,69615
309,69633
289,69651
272,69667
327,69686
322,69706
263,69721
291,69739
399,69763
500,69789
291,69806
287,69824
287,69841
420,69866
500,69892
289,69909
276,69926
295,69944
324,69963
303,69981
382,70004
261,70019
302,70037
335,70057
500,70084
244,70099
265,70114
319,70134
500,70160
315,70179
315,70198
261,70213
270,70229
318,70248
299,70266
